5.999218750000000000e+01
1.301796875000000000e+02
6.110156250000000000e+01
1.547890625000000000e+02
6.332031250000000000e+01
1.761171875000000000e+02
6.997656250000000000e+01
1.990859375000000000e+02
7.996093750000000000e+01
2.154921875000000000e+02
9.438281250000000000e+01
2.269765625000000000e+02
1.088046875000000000e+02
2.302578125000000000e+02
1.243359375000000000e+02
2.318984375000000000e+02
1.387578125000000000e+02
2.318984375000000000e+02
1.520703125000000000e+02
2.302578125000000000e+02
1.642734375000000000e+02
2.236953125000000000e+02
1.764765625000000000e+02
2.138515625000000000e+02
1.864609375000000000e+02
1.990859375000000000e+02
1.920078125000000000e+02
1.793984375000000000e+02
1.931171875000000000e+02
1.564296875000000000e+02
1.931171875000000000e+02
1.367421875000000000e+02
1.920078125000000000e+02
1.137734375000000000e+02
7.219531250000000000e+01
1.104921875000000000e+02
8.107031250000000000e+01
9.900781250000000000e+01
9.271875000000000000e+01
9.654687500000000000e+01
1.049218750000000000e+02
9.490625000000000000e+01
1.154609375000000000e+02
9.490625000000000000e+01
1.376484375000000000e+02
9.490625000000000000e+01
1.476328125000000000e+02
9.162500000000000000e+01
1.598359375000000000e+02
8.998437500000000000e+01
1.709296875000000000e+02
9.080468750000000000e+01
1.809140625000000000e+02
1.006484375000000000e+02
1.298828125000000000e+02
1.121328125000000000e+02
1.309921875000000000e+02
1.219765625000000000e+02
1.321015625000000000e+02
1.318203125000000000e+02
1.332109375000000000e+02
1.416640625000000000e+02
1.165703125000000000e+02
1.531484375000000000e+02
1.243359375000000000e+02
1.547890625000000000e+02
1.332109375000000000e+02
1.564296875000000000e+02
1.409765625000000000e+02
1.531484375000000000e+02
1.487421875000000000e+02
1.498671875000000000e+02
8.439843750000000000e+01
1.203359375000000000e+02
9.105468750000000000e+01
1.154140625000000000e+02
1.054765625000000000e+02
1.137734375000000000e+02
1.121328125000000000e+02
1.186953125000000000e+02
1.054765625000000000e+02
1.203359375000000000e+02
9.105468750000000000e+01
1.203359375000000000e+02
1.443046875000000000e+02
1.154140625000000000e+02
1.509609375000000000e+02
1.104921875000000000e+02
1.631640625000000000e+02
1.088515625000000000e+02
1.698203125000000000e+02
1.121328125000000000e+02
1.642734375000000000e+02
1.154140625000000000e+02
1.520703125000000000e+02
1.170546875000000000e+02
9.771093750000000000e+01
1.777578125000000000e+02
1.121328125000000000e+02
1.679140625000000000e+02
1.287734375000000000e+02
1.646328125000000000e+02
1.343203125000000000e+02
1.629921875000000000e+02
1.387578125000000000e+02
1.629921875000000000e+02
1.531796875000000000e+02
1.646328125000000000e+02
1.664921875000000000e+02
1.711953125000000000e+02
1.576171875000000000e+02
1.843203125000000000e+02
1.476328125000000000e+02
1.941640625000000000e+02
1.354296875000000000e+02
1.974453125000000000e+02
1.221171875000000000e+02
1.974453125000000000e+02
1.099140625000000000e+02
1.925234375000000000e+02
9.992968750000000000e+01
1.777578125000000000e+02
1.165703125000000000e+02
1.728359375000000000e+02
1.343203125000000000e+02
1.711953125000000000e+02
1.498515625000000000e+02
1.679140625000000000e+02
1.653828125000000000e+02
1.711953125000000000e+02
1.509609375000000000e+02
1.859609375000000000e+02
1.354296875000000000e+02
1.892421875000000000e+02
1.165703125000000000e+02
1.892421875000000000e+02
